400 400
c 93 81 198
r 10 10 380 380
c 0 0 0
r 33 33 334 14
r 353 33 14 334
r 53 353 314 14
r 53 53 14 314
r 53 53 294 14
r 333 53 14 294
r 73 333 274 14
r 73 73 14 274
r 73 73 254 14
r 313 73 14 254
r 93 313 234 14
r 93 93 14 234
r 93 93 214 14
r 293 93 14 214
r 113 293 194 14
r 113 113 14 194
r 113 113 174 14
r 273 113 14 174
r 133 273 154 14
r 133 133 14 154
r 133 133 134 14
r 253 133 14 134
r 153 253 114 14
r 153 153 14 114
r 153 153 94 14
r 233 153 14 94
r 173 233 74 14
r 173 173 14 74
r 173 173 54 14
r 213 173 14 54
r 193 213 34 14
r 193 193 14 34
c 74 9 18
f 199 199
